ITER VALUE:  tensor([1.0213e-02, 4.7605e-06, 5.1644e-06, 1.0394e-07, 2.1329e-04, 1.2324e-03,
        4.0105e-03, 4.1640e-05, 6.2160e-07, 1.5178e-07, 3.7739e-03, 1.2316e-07,
        6.0244e-07, 5.5247e-06, 2.9963e-06, 1.0304e-07, 3.5220e-07, 4.9593e-07,
        7.6641e-06, 2.2383e-06, 2.0305e-07, 2.6103e-06, 5.3018e-06, 9.4890e-06,
        3.0827e-06, 3.2537e-06, 1.2611e-06, 4.1200e-06, 7.5016e-06, 2.8271e-04,
        8.1422e-07, 2.8093e-07], device='cuda:0')
ITER VALUE:  tensor([2.7207e-02, 9.5022e-06, 6.9213e-06, 2.4329e-07, 7.1475e-04, 3.5784e-03,
        1.1307e-02, 1.1603e-04, 1.2472e-06, 4.9046e-07, 1.1150e-02, 3.3672e-07,
        1.2067e-06, 9.0236e-06, 7.7445e-06, 3.2221e-07, 7.5048e-07, 1.4249e-06,
        8.8468e-07, 4.1725e-06, 5.1949e-07, 9.7191e-07, 1.4294e-05, 1.0612e-05,
        5.7401e-06, 5.0020e-06, 2.0884e-06, 6.4590e-06, 5.1834e-05, 4.2337e-05,
        1.6165e-06, 3.9808e-07], device='cuda:0')
ITER VALUE:  tensor([7.8190e-02, 2.5665e-05, 1.7681e-05, 6.5929e-07, 1.8832e-03, 1.0739e-02,
        3.3789e-02, 3.3539e-04, 3.4492e-06, 1.2814e-06, 3.3390e-02, 1.0929e-06,
        1.9808e-06, 1.8336e-05, 1.4740e-05, 5.4892e-07, 1.7131e-06, 4.1975e-06,
        1.0497e-06, 1.1211e-05, 1.2574e-06, 2.1746e-06, 4.0418e-05, 2.6404e-05,
        9.3507e-06, 1.0234e-05, 5.2084e-06, 1.1089e-05, 1.4929e-05, 3.8887e-05,
        4.2469e-06, 9.4871e-07], device='cuda:0')
ITER VALUE:  tensor([2.2044e-01, 6.9139e-05, 4.8844e-05, 1.9869e-06, 4.1553e-03, 2.5227e-03,
        1.0119e-01, 1.0102e-03, 1.0546e-05, 3.5120e-06, 9.7665e-02, 3.1610e-06,
        5.6791e-06, 1.5637e-05, 1.7799e-05, 1.2959e-06, 3.7688e-06, 1.1880e-05,
        2.4741e-06, 2.7781e-05, 3.9059e-06, 7.5860e-06, 1.1583e-04, 7.8122e-05,
        1.8982e-05, 2.8455e-05, 1.5251e-05, 1.8372e-05, 1.9246e-05, 9.0740e-05,
        3.2460e-06, 2.1968e-06], device='cuda:0')
ITER VALUE:  tensor([5.4323e-01, 1.9125e-04, 1.4846e-04, 5.9009e-06, 8.8628e-03, 6.8454e-03,
        2.9666e-01, 3.0667e-03, 3.1719e-05, 1.0194e-05, 2.9160e-01, 9.1871e-06,
        1.4916e-05, 2.3241e-05, 4.4860e-05, 3.6696e-06, 1.3392e-05, 3.4984e-05,
        3.9810e-06, 7.5849e-05, 1.2152e-05, 1.9677e-05, 3.0200e-04, 2.2828e-04,
        4.1604e-05, 8.2903e-05, 3.6923e-05, 3.7341e-05, 4.3123e-05, 2.0668e-04,
        6.4329e-06, 6.1066e-06], device='cuda:0')
ITER VALUE:  tensor([1.2600e-07, 1.2203e-06, 4.3164e-07, 3.0384e-06, 2.0771e-07, 1.6592e-07,
        9.8692e-08, 7.8555e-08, 2.1472e-04, 4.1049e-07, 9.3763e-08, 2.6508e-04,
        2.6135e-05, 2.7601e-07, 5.9979e-07, 4.3685e-06, 5.8288e-06, 5.5331e-06,
        4.0849e-03, 2.8357e-07, 1.3697e-07, 2.4616e-06, 5.3644e-03, 1.2831e-04,
        9.0321e-08, 4.7507e-07, 2.4581e-06, 1.4523e-05, 4.8258e-03, 4.6528e-05,
        2.2580e-03, 2.3327e-03], device='cuda:0')
ITER VALUE:  tensor([4.7232e-07, 3.4792e-06, 5.3617e-07, 7.5883e-06, 6.6226e-07, 3.9322e-07,
        2.2101e-07, 1.9008e-07, 2.4579e-04, 1.1332e-06, 4.4244e-07, 8.2505e-04,
        7.7954e-05, 8.1164e-07, 1.6846e-06, 5.8632e-06, 1.4817e-05, 8.2832e-06,
        1.2255e-02, 7.2725e-07, 4.6527e-07, 7.3825e-06, 1.6089e-02, 1.6842e-04,
        1.9328e-07, 1.2623e-06, 6.7579e-06, 3.1322e-05, 1.4487e-02, 7.7228e-06,
        2.6318e-06, 5.3075e-03], device='cuda:0')
ITER VALUE:  tensor([1.7133e-06, 1.0435e-05, 1.5868e-06, 2.0684e-05, 1.6987e-06, 1.0831e-06,
        6.2628e-07, 4.7699e-07, 5.6691e-04, 3.3977e-06, 1.0022e-06, 2.8729e-02,
        2.3031e-04, 2.1290e-06, 4.4867e-06, 1.3123e-05, 4.2252e-05, 2.0681e-05,
        3.6788e-02, 2.1293e-06, 1.0620e-06, 2.1961e-05, 4.8292e-02, 5.0197e-04,
        7.5088e-07, 3.7711e-06, 1.6419e-05, 2.6921e-05, 4.3453e-02, 1.3992e-05,
        6.3604e-06, 1.5657e-02], device='cuda:0')
ITER VALUE:  tensor([4.7915e-06, 3.0803e-05, 4.6896e-06, 4.6888e-05, 4.8892e-06, 3.0968e-06,
        1.8127e-06, 1.2941e-06, 1.6641e-03, 1.0198e-05, 1.9990e-06, 7.3442e-02,
        6.9362e-04, 6.1220e-06, 2.2589e-05, 3.4225e-05, 1.2308e-04, 5.7003e-05,
        1.1043e-01, 6.0110e-06, 5.6153e-06, 6.5797e-05, 1.4437e-01, 1.0785e-03,
        2.1666e-06, 1.1055e-05, 4.2248e-05, 6.7270e-05, 1.0981e-01, 2.7577e-05,
        1.7751e-05, 6.8517e-05], device='cuda:0')
ITER VALUE:  tensor([1.2619e-05, 9.2154e-05, 1.3864e-05, 1.1835e-04, 1.5646e-05, 9.2170e-06,
        5.1043e-06, 3.4245e-06, 4.9933e-03, 3.0555e-05, 6.1230e-06, 8.6412e-04,
        2.0794e-03, 1.4996e-05, 8.1888e-05, 9.6618e-05, 3.4031e-04, 1.5284e-04,
        3.3117e-01, 1.7802e-05, 9.3713e-06, 1.9777e-04, 3.9286e-01, 2.7135e-03,
        7.8678e-06, 3.1998e-05, 5.6765e-05, 1.8880e-04, 3.2930e-01, 6.3253e-05,
        5.4222e-05, 1.6056e-04], device='cuda:0')
ITER VALUE:  tensor([1.9414e-07, 1.1070e-07, 8.5834e-05, 3.2162e-06, 2.7925e-04, 4.9082e-06,
        1.1086e-07, 2.2919e-05, 2.4264e-06, 1.4444e-03, 5.6320e-06, 4.3901e-07,
        7.0125e-06, 1.7734e-07, 1.0470e-02, 2.6225e-07, 1.8078e-06, 1.1830e-07,
        1.5680e-07, 1.0666e-05, 1.2794e-07, 1.4395e-03, 1.4884e-07, 2.3822e-06,
        2.1009e-05, 1.9833e-03, 3.1899e-03, 1.0459e-07, 2.2364e-06, 4.0232e-06,
        3.9417e-07, 1.9390e-03], device='cuda:0')
ITER VALUE:  tensor([3.9980e-07, 2.9102e-07, 4.9111e-05, 8.8922e-06, 3.2656e-06, 8.9921e-06,
        1.8186e-07, 1.3897e-05, 4.7910e-06, 1.9375e-03, 9.1068e-06, 1.3103e-06,
        1.5695e-05, 4.9154e-07, 8.0440e-03, 3.6613e-07, 5.3325e-06, 2.5547e-07,
        4.5319e-07, 2.3478e-06, 2.2631e-07, 3.2433e-03, 4.3204e-07, 6.0132e-06,
        2.6234e-05, 3.0142e-06, 9.4806e-03, 3.0266e-07, 4.8558e-06, 6.9267e-06,
        1.1050e-06, 5.5661e-03], device='cuda:0')
ITER VALUE:  tensor([1.0578e-06, 8.3486e-07, 8.3072e-05, 2.5008e-05, 1.5831e-06, 2.3170e-05,
        1.5144e-07, 4.0224e-05, 7.6190e-06, 4.2518e-03, 1.7421e-05, 3.9308e-06,
        4.1965e-05, 1.0896e-06, 7.3629e-05, 1.1395e-06, 1.6100e-05, 7.5257e-07,
        1.2663e-06, 3.5978e-06, 7.4313e-07, 8.2759e-03, 1.3689e-06, 1.0810e-04,
        6.8433e-05, 4.4825e-06, 2.8299e-02, 9.4239e-07, 1.1198e-05, 1.7005e-05,
        1.5963e-06, 1.5418e-02], device='cuda:0')
